 -0.31703588788739856     
  -0.0000000000000000     
  -0.0000000000000000     
 -0.36309376350448447     
 -0.35686071398962821     
 -0.35842040734290259     
 -0.35730605059747467     
 -0.35727802046739338     
 -0.35717615457519147     
 -0.35693697197718921     
 -0.35705244423074639     
 -0.35677318580638234     
 -0.35695035367288452     
 -0.35667494600569677     
 -0.35688891003048184     
 -0.35663991615797652     
 -0.35688891003048212     
 -0.35667494600569716     
 -0.35695035367288536     
 -0.35677318580638329     
 -0.35705244423074717     
 -0.35693697197719043     
 -0.35717615457519303     
 -0.35727802046739521     
 -0.35730605059747644     
 -0.35842040734290487     
 -0.35686071398963148     
 -0.36309376350448769     
  -0.0000000000000000     
