   0.0000000000000000     
   7.6775984979084555E-002
  0.15353991680060375     
  0.23027975688070335     
  0.30698349574024064     
  0.38363916745053039     
  0.46023486395183966     
  0.53675874920329036     
  0.61319907312373090     
  0.68954418528430139     
  0.76578254831474801     
  0.84190275098702294     
  0.91789352094150090     
  0.99374373702291052     
   1.0694424411952035     
   1.1449788500066571     
   1.2203423655788459     
   1.2955225860954140     
   1.3705093157691142     
   1.4452925742680165     
   1.5198626055843736     
   1.5942098863322123     
   1.6683251334622842     
   1.7421993113855798     
   1.8158236384991699     
   1.8891895931106077     
   1.9622889187595867     
   2.0351136289378804     
   2.1076560112108993     
   2.1799086307463718     
   2.2518643332576822     
   2.3235162473714457     
   2.3948577864306042     
   2.4658826497461508     
   2.5365848233120598     
   2.6069585799994641     
   2.6769984792474188     
   2.7466993662686772     
   2.8160563707899762     
   2.8850649053471145     
   2.9537206631558828     
   3.0220196155804748     
   3.0899580092214407     
   3.1575323626456013     
   3.2247394627805299     
   3.2915763609963236     
   3.3580403688973357     
   3.4241290538464515     
   3.4898402342442658     
   3.5551719745852219     
   3.6201225803123798     
   3.6846905924920499     
   3.7488747823289836     
   3.8126741455422639     
   3.8760878966213674     
   3.9391154629812393     
   4.0017564790344942     
   4.0640107801980978     
   4.1258783968511450     
   4.1873595482595531     
   4.2484546364826654     
   4.3091642402760062     
   4.3694891090035544     
   4.4294301565721428     
   4.4889884553997446     
   4.5481652304286380     
   4.6069618531936456     
   4.6653798359548588     
   4.7234208259035393     
   4.7810865994491012     
   4.8383790565944276     
   4.8953002154060350     
   4.9518522065849551     
   5.0080372681435801     
   5.0638577401930691     
   5.1193160598453584     
   5.1744147562332587     
   5.2291564456515811     
   5.2835438268217381     
   5.3375796762818011     
   5.3912668439035620     
   5.4446082485376790     
   5.4976068737876655     
   5.5502657639130693     
   5.6025880198618916     
   5.6545767954318986     
   5.7062352935603489     
   5.7575667627411935     
   5.8085744935687336     
   5.8592618154064295     
   5.9096320931793187     
   5.9596887242883927     
   6.0094351356450968     
   6.0588747808239312     
   6.1080111373310499     
   6.1568477039866707     
   6.2053879984188889     
   6.2536355546665945     
   6.3015939208889113     
   6.3492666571787257     
   6.3966573334776546     
   6.4437695275898790     
   6.4906068232922003     
   6.5371728085376484     
   6.5834710737500348     
   6.6295052102067107     
   6.6752788085069454     
   6.7207954571232795     
   6.7660587410331736     
   6.8110722404284409     
   6.8558395294998409     
   6.9003641752943281     
   6.9446497366424449     
   6.9886997631534316     
   7.0325177942756101     
   7.0761073584197041     
   7.1194719721427600     
   7.1626151393904385     
   7.2055403507954097     
   7.2482510830297358     
   7.2907507982091291     
   7.3330429433469915     
   7.3751309498563176     
   7.4170182330974299     
   7.4587081919697393     
   7.5002042085456440     
   7.5415096477448440     
   7.5826278570472825     
   7.6235621662431381     
   7.6643158872181854     
   7.7048923137730014     
   7.7452947214745134     
   7.7855263675384219     
   7.8255904907411091     
   7.8654903113597134     
   7.9052290311389637     
   7.9448098332836885     
   7.9842358824756339     
   8.0235103249135147     
   8.0626362883751721     
   8.1016168823007799     
   8.1404551978959994     
   8.1791543082542209     
   8.2177172684968145     
   8.2561471159305544     
   8.2944468702213783     
   8.3326195335835376     
   8.3706680909834610     
   8.4085955103574754     
   8.4464047428427325     
   8.4840987230205744     
   8.5216803691717153     
   8.5591525835426019     
   8.5965182526222925     
   8.6337802474293710     
   8.6709414238082321     
   8.7080046227343200     
   8.7449726706276945     
   8.7818483796746030     
   8.8186345481564157     
   8.8553339607856909     
   8.8919493890487686     
   8.9284835915546381     
   8.9649393143896621     
   9.0013192914777456     
   9.0376262449457307     
   9.0738628854935932     
   9.1100319127691769     
   9.1461360157471940     
   9.1821778731121881     
   9.2181601536452167     
   9.2540855166140012     
   9.2899566121663320     
   9.3257760817264561     
   9.3615465583942914     
   9.3972706673472377     
   9.4329510262444085     
   9.4685902456330950     
   9.5041909293572910     
   9.5397556749681112     
   9.5752870741359803     
   9.6107877130643935     
   9.6462601729051247     
   9.6817070301748043     
   9.7171308571726307     
   9.7525342223991913     
   9.7879196909761870     
   9.8232898250670431     
   9.8586471842981904     
   9.8939943261809766     
   9.9293338065340979     
   9.9646681799064005     
   10.000000000000000     
   10.035331820093598     
   10.070666193465900     
   10.106005673819023     
   10.141352815701810     
   10.176710174932957     
   10.212080309023813     
   10.247465777600809     
   10.282869142827368     
   10.318292969825196     
   10.353739827094875     
   10.389212286935606     
   10.424712925864020     
   10.460244325031887     
   10.495809070642709     
   10.531409754366905     
   10.567048973755591     
   10.602729332652764     
   10.638453441605709     
   10.674223918273544     
   10.710043387833664     
   10.745914483385999     
   10.781839846354785     
   10.817822126887812     
   10.853863984252806     
   10.889968087230821     
   10.926137114506405     
   10.962373755054267     
   10.998680708522253     
   11.035060685610338     
   11.071516408445358     
   11.108050610951231     
   11.144666039214306     
   11.181365451843581     
   11.218151620325393     
   11.255027329372304     
   11.291995377265680     
   11.329058576191766     
   11.366219752570629     
   11.403481747377706     
   11.440847416457398     
   11.478319630828281     
   11.515901276979426     
   11.553595257157268     
   11.591404489642523     
   11.629331909016537     
   11.667380466416457     
   11.705553129778618     
   11.743852884069446     
   11.782282731503187     
   11.820845691745777     
   11.859544802103997     
   11.898383117699222     
   11.937363711624823     
   11.976489675086484     
   12.015764117524366     
   12.055190166716308     
   12.094770968861036     
   12.134509688640289     
   12.174409509258885     
   12.214473632461580     
   12.254705278525485     
   12.295107686226995     
   12.335684112781815     
   12.376437833756860     
   12.417372142952717     
   12.458490352255156     
   12.499795791454353     
   12.541291808030259     
   12.582981766902570     
   12.624869050143680     
   12.666957056653008     
   12.709249201790868     
   12.751748916970261     
   12.794459649204590     
   12.837384860609561     
   12.880528027857238     
   12.923892641580295     
   12.967482205724385     
   13.011300236846566     
   13.055350263357553     
   13.099635824705674     
   13.144160470500157     
   13.188927759571559     
   13.233941258966825     
   13.279204542876718     
   13.324721191493053     
   13.370494789793288     
   13.416528926249965     
   13.462827191462351     
   13.509393176707800     
   13.556230472410117     
   13.603342666522343     
   13.650733342821274     
   13.698406079111088     
   13.746364445333406     
   13.794612001581111     
   13.843152296013326     
   13.891988862668946     
   13.941125219176069     
   13.990564864354901     
   14.040311275711606     
   14.090367906820681     
   14.140738184593570     
   14.191425506431264     
   14.242433237258808     
   14.293764706439648     
   14.345423204568100     
   14.397411980138109     
   14.449734236086929     
   14.502393126212331     
   14.555391751462320     
   14.608733156096434     
   14.662420323718196     
   14.716456173178262     
   14.770843554348417     
   14.825585243766737     
   14.880683940154640     
   14.936142259806928     
   14.991962731856418     
   15.048147793415046     
   15.104699784593965     
   15.161620943405570     
   15.218913400550900     
   15.276579174096458     
   15.334620164045138     
   15.393038146806354     
   15.451834769571359     
   15.511011544600253     
   15.570569843427855     
   15.630510890996444     
   15.690835759723988     
   15.751545363517334     
   15.812640451740442     
   15.874121603148852     
   15.935989219801900     
   15.998243520965506     
   16.060884537018758     
   16.123912103378633     
   16.187325854457733     
   16.251125217671014     
   16.315309407507950     
   16.379877419687617     
   16.444828025414775     
   16.510159765755731     
   16.575870946153547     
   16.641959631102662     
   16.708423639003676     
   16.775260537219467     
   16.842467637354396     
   16.910041990778556     
   16.977980384419524     
   17.046279336844115     
   17.114935094652886     
   17.183943629210020     
   17.253300633731321     
   17.323001520752580     
   17.393041420000536     
   17.463415176687938     
   17.534117350253847     
   17.605142213569394     
   17.676483752628549     
   17.748135666742314     
   17.820091369253625     
   17.892343988789094     
   17.964886371062114     
   18.037711081240410     
   18.110810406889392     
   18.184176361500828     
   18.257800688614420     
   18.331674866537714     
   18.405790113667788     
   18.480137394415625     
   18.554707425731980     
   18.629490684230888     
   18.704477413904584     
   18.779657634421149     
   18.855021149993341     
   18.930557558804793     
   19.006256262977082     
   19.082106479058496     
   19.158097249012972     
   19.234217451685250     
   19.310455814715695     
   19.386800926876269     
   19.463241250796706     
   19.539765136048160     
   19.616360832549468     
   19.693016504259756     
   19.769720243119295     
   19.846460083199396     
   19.923224015020914     
